0 mindstorms_ev3_arm_mod
0 Name: mindstorms_ev3_arm_mod.ldr
0 Author: LEGO Digital Designer 4.3
0 !LEOCAD GROUP BEGIN Link 0 0 2
1 0 -49.9986 -131.9969 -239.9952 0 0 1 0.00002 1 0 -1 0.00002 0 2780.dat
1 0 50.0012 -132.4973 -229.9942 0 0.00001 -1 1 0.000031 0 0.000031 -1 -0.00001 6629.dat
1 4 -85.9989 -83.9974 -219.9938 -0.00001 -0.6 -0.8 -0.000031 0.8 -0.6 1 0.000019 -0.000027 32062.dat
1 0 -86.2992 -83.5984 -189.9939 0.8 -0.6 -0.00001 0.6 0.8 -0.000031 0.000027 0.000019 1 32034.dat
1 4 -85.9995 -83.9994 -159.9939 -0.00001 -0.6 -0.8 -0.000031 0.8 -0.6 1 0.000019 -0.000027 32062.dat
1 0 50.0004 -132.5 -149.9942 0 0.00001 -1 1 0.000031 0 0.000031 -1 -0.00001 6629.dat
1 0 30.001 -131.9977 -219.9938 -0.000012 0 -1 -0.000035 1 0 1 0.000035 -0.000012 2780.dat
1 71 70.0008 -131.9978 -209.9925 0.000001 -0.000012 -1 -1 -0.000043 -0.000001 -0.000043 1 -0.000012 64290.dat
1 71 -9.9991 -131.9985 -189.9934 0.000001 -1 -0.000012 1 0.000001 -0.000044 0.000044 -0.000012 1 48989.dat
1 71 150.0009 -131.9992 -189.9924 0.000001 -1 -0.000012 1 0.000001 -0.000044 0.000044 -0.000012 1 48989.dat
1 71 70.0006 -131.9994 -169.9924 0.000001 -0.000012 -1 -1 -0.000043 -0.000001 -0.000043 1 -0.000012 64290.dat
1 71 130 -72.0008 -190 0 1 0 1 0 0 0 0 -1 99550c01.dat
1 1 70 -32.0004 -129.987 0 1 0 1 0 0 0 0 -1 6558.dat
1 1 70 -72.0004 -149.9869 0 1 0 1 0 0 0 0 -1 6558.dat
1 15 69.5 -12.0004 -49.9869 1 0 0 0 1 0 0 0 1 32009.dat
1 71 130 -32.0004 -29.9869 1 0.000001 -0.000001 0.000001 0.000001 1 0.000001 -1 0.000001 48989.dat
1 0 70 -131.9999 -109.9855 1 0 0 0 -1 0 0 0 -1 32014.dat
1 71 70 -131.9999 -69.9855 0 -1 0 0 0 1 -1 0 0 4519.dat
1 0 70 -60.0004 -109.987 0 1 0 -1 0 0 0 0 1 3706.dat
1 71 69.9996 -32.088 -114.0535 0 1 0 -1 0 -0.000002 -0.000002 0 1 99385c01.dat
1 4 30 -32.0004 -190.737 0 1 0 -1 0 0 0 0 1 99386.dat
1 0 69.9999 -132 -29.9855 -1 -0.000002 -0.000002 0.000002 -1 -0.000002 -0.000002 -0.000002 1 32013.dat
1 2 70 -52.0004 -129.9869 -1 0.000001 -0.000001 0.000001 1 0.000001 0.000001 0.000001 -1 32523.dat
1 71 70 -92.0004 -149.987 -1 0.000001 -0.000001 0.000001 1 0.000001 0.000001 0.000001 -1 32316.dat
1 0 150.0005 -131.9998 -159.9932 0.000003 0.989531 -0.14432 -0.000023 0.14432 0.989531 1 0.000003 0.000024 2780.dat
0 !LEOCAD GROUP END
0 !LEOCAD GROUP BEGIN Link 2 0 4
1 71 69.8872 -52.9338 -190.4938 -1 -0.000756 -0.000001 0 0.000108 -1 0.000756 -1 -0.000108 3713.dat
1 72 69.8873 -80.9335 -189.9966 0 -0.000756 -1 1 0.000108 0 0.000108 -1 0.000756 55013.dat
1 15 69.8878 -32.9338 -189.9918 1 0 0.000756 0 1 -0.000108 -0.000756 0.000108 1 41669.dat
0 !LEOCAD GROUP BEGIN Joint 0 child 0 continuous 0 -1 0 mimic 1.0 0.0
1 0 69.887 -112.9334 -190.5002 1 -0.000756 0 0 0.000108 1 -0.000756 -1 0.000108 32498.dat
0 !LEOCAD GROUP END
1 71 69.8872 -72.9334 -190.496 -1 -0.000756 -0.000001 0 0.000108 -1 0.000756 -1 -0.000108 3713.dat
1 0 69.8874 -172.9338 -190.0033 1 0.000002 0.000002 0.000002 0.000002 -1 -0.000002 1 0.000002 32013.dat
0 !LEOCAD GROUP END
0 !LEOCAD GROUP BEGIN Link 0 0 2
1 71 69.9997 -132.0007 -189.9877 -0.00003 -0.000001 -1 -0.00008 1 -0.000001 1 0.00008 -0.00003 87082.dat
0 !LEOCAD GROUP END
0 !LEOCAD GROUP BEGIN Link 2 0 4
1 1 69.8874 -172.9338 -190.0034 1 0 0 0 1 0 0 0 1 6558.dat
1 71 89.8884 -172.9337 -210.0018 -0.000001 -1 0.000051 -1 0.000001 -0.000001 0.000001 -0.000051 -1 32524.dat
1 1 69.8915 -172.9339 -270.0029 1 0 -0.000052 0 1 0 0.000052 0 1 6558.dat
1 71 69.8904 -152.9338 -250.0029 -0.000052 0 1 0 -1 0 1 0 0.000052 63869.dat
1 1 69.8894 -172.9339 -230.0029 1 0 -0.000052 0 1 0 0.000052 0 1 6558.dat
1 71 49.8882 -172.9338 -210.0039 -0.000001 -1 0.000051 -1 0.000001 -0.000001 0.000001 -0.000051 -1 32524.dat
1 1 49.8881 -172.9338 -210.0039 -1 0 0.000052 0 1 0 -0.000052 0 -1 6558.dat
1 4 69.8898 -152.934 -189.9925 0.000013 -0.000056 1 -0.000047 1 0.000056 -1 -0.000047 0.000013 99010.dat
0 !LEOCAD GROUP END
0 !LEOCAD GROUP BEGIN Link 0 0 2
1 4 70.0021 -152.001 -189.9922 -1 -0.000056 0.000013 -0.000056 1 -0.000047 -0.000013 -0.000047 -1 99009.dat
1 1 90.001 -131.999 -189.993 0.000013 0 1 0.000044 1 0 -1 0.000044 0.000013 6558.dat
1 1 50.001 -131.9988 -189.9931 0.000013 0 1 0.000044 1 0 -1 0.000044 0.000013 6558.dat
0 !LEOCAD GROUP END
0 !LEOCAD GROUP BEGIN Link 2 0 4
1 1 49.8861 -172.9338 -170.0039 -1 0 0.000052 0 1 0 -0.000052 0 -1 6558.dat
1 0 29.8871 -212.9339 -190.0049 -0.000052 1 0 0 0 1 1 0.000052 0 60484.dat
1 4 9.8872 -212.9346 -190.0013 1 0.000001 -0.000001 0 -0.622264 -0.782807 -0.000001 0.782807 -0.622264 32054.dat
1 71 129.8874 -287.6073 -96.0644 0.000001 1 -0.000001 0.782808 0 0.622263 0.622263 -0.000001 -0.782808 32271.dat
1 1 119.8876 -287.6074 -96.0644 1 0 0 0 -0.782808 0.622264 0 -0.622264 -0.782808 43093.dat
1 71 131.8873 -225.3799 -174.3451 1 0 0 0 -0.782808 0.622264 0 -0.622264 -0.782808 4519.dat
1 4 99.8874 -225.3799 -174.3451 0.000001 0 -1 0.622264 -0.782808 0 -0.782808 -0.622264 0 59443.dat
1 71 69.8873 -225.3798 -174.345 1 0 0 0 -0.782808 0.622264 0 -0.622264 -0.782808 4519.dat
1 4 39.8872 -225.3798 -174.345 0.000001 0 -1 0.622264 -0.782808 0 -0.782808 -0.622264 0 59443.dat
1 71 7.8872 -225.3798 -174.345 1 0 0 0 -0.782808 0.622264 0 -0.622264 -0.782808 4519.dat
1 72 149.8874 -237.8252 -158.689 1 0 0 0 -0.622264 -0.782808 0 0.782808 -0.622264 42003.dat
1 0 69.8873 -238.214 -158.1997 -1 0 0 0 0.622264 -0.782808 0 -0.782808 -0.622264 32184.dat
1 72 -10.1126 -237.8251 -158.6889 1 0 0 0 -0.622264 -0.782808 0 0.782808 -0.622263 42003.dat
1 71 69.8882 -350.4293 -16.9792 1.000001 0 0.000003 0.000002 0.782808 -0.622264 -0.000003 0.622264 0.782807 99550c01.dat
1 71 69.8873 -250.2703 -143.0328 1 0 0 0 -0.782808 0.622264 0 -0.622263 -0.782808 44294.dat
1 71 9.8872 -287.6074 -96.0644 0.000001 1 -0.000001 0.782808 0 0.622263 0.622263 -0.000001 -0.782808 32271.dat
1 1 19.8871 -287.6075 -96.0647 -1 0 0 0 -0.782808 -0.622264 0 -0.622264 0.782808 43093.dat
1 72 109.8875 -300.0528 -80.4084 -0.000001 -1 -0.000001 0.782808 0 -0.622263 0.622263 -0.000001 0.782808 40490.dat
1 72 29.8871 -300.0527 -80.4084 -0.000001 -1 -0.000001 0.782808 0 -0.622263 0.622263 -0.000001 0.782808 40490.dat
1 1 119.8876 -324.9433 -49.0959 1 0 0 0 0.622264 0.782808 0 -0.782808 0.622264 43093.dat
1 71 129.8877 -469.7863 -21.1587 -0.000001 -1 0.000001 0.028125 0.000001 0.999605 -0.999605 0.000001 0.028126 32271.dat
1 1 19.8871 -324.9434 -49.0959 -1 0 0 0 0.782808 0.622264 0 0.622264 -0.782808 43093.dat
1 71 9.8872 -469.7864 -21.1587 -0.000001 -1 0.000001 0.028126 0.000001 0.999605 -0.999605 0.000001 0.028126 32271.dat
1 4 129.8873 -212.9345 -190.0013 -1 -0.000001 0.000001 -0.000001 0.622263 -0.782808 0 -0.782808 -0.622263 32054.dat
1 0 99.8863 -172.9338 -170.0013 -1 0 0.000052 0 1 0 -0.000052 0 -1 2780.dat
1 4 129.8873 -192.9424 -189.4387 -1 -0.000001 0.000001 -0.000001 0.622263 -0.782808 0 -0.782808 -0.622263 32054.dat
1 0 109.8873 -212.9338 -190.0008 -0.000052 1 0 0 0 1 1 0.000052 0 60484.dat
1 0 99.8884 -172.9338 -210.0014 -1 0 0.000052 0 1 0 -0.000052 0 -1 2780.dat
1 1 29.8871 -262.7169 -127.3767 1 0 0 0 -0.782808 0.622264 0 -0.622264 -0.782808 6558.dat
1 1 109.8874 -262.7169 -127.3767 -1 0 0 0 -0.782808 -0.622264 0 -0.622264 0.782808 6558.dat
1 4 9.8872 -192.9425 -189.4388 1 0.000001 -0.000001 0 -0.622264 -0.782807 -0.000001 0.782807 -0.622264 32054.dat
1 0 119.8876 -369.8259 -18.3462 -1 0 0 0 0.622264 -0.782808 0 -0.782807 -0.622264 2780.dat
1 4 39.8874 -369.5346 41.6531 1 0 0 0 -0.999988 -0.004854 0 0.004854 -0.999988 32062.dat
1 0 69.8876 -370.0346 41.6554 0 0 1 0.004854 -0.999988 0 0.999988 0.004854 0 32034.dat
1 4 29.8875 -369.5346 41.6531 -0.000001 -1 0.000001 -0.999988 0.000001 -0.004854 0.004854 -0.000001 -0.999988 32140.dat
1 4 99.8877 -369.5346 41.6531 1 0 0 0 -0.999988 -0.004854 0 0.004854 -0.999988 32062.dat
1 4 109.8875 -369.5346 41.6531 -0.000001 -1 0.000001 -0.999988 0.000001 -0.004854 0.004854 -0.000001 -0.999988 32140.dat
1 0 119.8876 -389.818 -18.9087 -1 0 0 0 0.622264 -0.782808 0 -0.782807 -0.622264 2780.dat
1 0 19.8875 -369.8259 -18.3462 -1 0 0 0 0.622264 -0.782808 0 -0.782807 -0.622264 2780.dat
1 0 19.8875 -389.8256 -18.2491 -1 0 0 0 0.622264 -0.782808 0 -0.782807 -0.622264 2780.dat
1 0 119.8876 -337.3885 -33.4397 -1 0 0 0 -0.782808 -0.622264 0 -0.622264 0.782808 2780.dat
1 0 19.8871 -337.3885 -33.4397 -1 0 0 0 1 0 0 0 -1 2780.dat
0 !LEOCAD GROUP END
0 !LEOCAD GROUP BEGIN Link 4 2 6
1 71 109.9429 -408.9678 -140.471 0.000001 1 0.000001 -1 0.000001 -0.000001 -0.000001 -0.000001 1 41239.dat
1 0 64.9429 -408.9679 -50.471 0 1 0 1 0 0 0 0 -1 32449.dat
1 71 71.9429 -408.9679 -80.471 -1 0 0 0 1 0 0 0 -1 32073.dat
1 0 74.9429 -408.9679 -50.471 0 1 0 1 0 0 0 0 -1 32449.dat
1 4 89.9429 -408.9679 -80.4709 -0.000001 -1 0.000001 1 -0.000001 -0.000001 0.000001 0.000001 1 32140.dat
1 4 49.9428 -408.9679 -80.471 -0.000001 -1 0.000001 1 -0.000001 -0.000001 0.000001 0.000001 1 32140.dat
1 0 69.9429 -408.9679 -20.4709 -1 0 0 0 1 0 0 0 -1 3737.dat
1 71 -10.8258 -408.9679 -20.471 0 0 1 0 1 0 -1 0 0 3649.dat
0 !LEOCAD GROUP BEGIN Joint 1 child 0 continuous 0 -1 0 mimic 1.0 0.0
1 71 149.9434 -408.992 -20.5 0 0 1 0 1 0 -1 0 0 3649.dat
0 !LEOCAD GROUP END
1 71 29.943 -408.9678 -140.471 0.000001 1 0.000001 -1 0.000001 -0.000001 -0.000001 -0.000001 1 41239.dat
1 0 39.9431 -408.9679 -200.4709 -1 0 0 0 1 0 0 0 -1 2780.dat
1 1 49.9428 -408.9679 -40.4709 -1 0 0 0 1 0 0 0 -1 6558.dat
1 0 39.9431 -408.9679 -60.4709 -1 0 0 0 1 0 0 0 -1 2780.dat
1 0 99.9429 -408.9679 -40.471 -1 0 0 0 1 0 0 0 -1 2780.dat
1 1 89.9429 -408.9679 -60.4709 1 0 0 0 1 0 0 0 1 6558.dat
1 0 99.9429 -408.9679 -240.471 -1 0 0 0 1 0 0 0 -1 2780.dat
1 0 99.9429 -408.9679 -200.4709 -1 0 0 0 1 0 0 0 -1 2780.dat
1 0 39.9431 -408.9679 -240.471 -1 0 0 0 1 0 0 0 -1 2780.dat
0 !LEOCAD GROUP END
0 !LEOCAD GROUP BEGIN Link 2 0 4
1 71 69.8853 -172.9339 -150.0029 1 0.000051 -0.000001 0.000001 0.000001 1 0.000051 -1 0.000001 87082.dat
0 !LEOCAD GROUP END
0 !LEOCAD GROUP BEGIN Link 0 0 2
1 19 70.0002 -131.9996 -109.9852 1 0 0 0 0 1 0 -1 0 32556.dat
1 71 130.0006 -132.0004 -69.9838 1 0.000013 0 -0.000013 1 0 0 0 1 64179.dat
1 4 130.0005 -132.0003 -129.9673 0.000001 -1 0.000001 0.000012 0.000001 1 -1 -0.000001 0.000012 32054.dat
1 0 90.001 -132.4976 -229.9941 0 0 1 1 -0.000026 0 0.000026 1 0 6629.dat
1 4 226.001 -83.9979 -219.9921 -0.000005 -0.799999 -0.600002 -0.000026 0.600002 -0.799999 1 0.000016 -0.000021 32062.dat
1 0 226.301 -83.5988 -189.992 -0.799999 0.600002 0.000005 0.600002 0.799999 0.000026 0.000015 0.000021 -1 32034.dat
1 4 226.0008 -83.9997 -157.9921 -0.000005 -0.799999 -0.600002 -0.000026 0.600002 -0.799999 1 0.000016 -0.000021 32062.dat
1 0 90.0007 -132.4999 -149.9941 0 0 1 1 -0.000026 0 0.000026 1 0 6629.dat
1 1 150.0008 -131.9976 -229.9934 0 0 1 0.000024 1 0 -1 0.000024 0 6558.dat
1 4 130.0014 -31.9963 -289.9933 -0.000001 -0.000001 -1 -1 -0.000001 0.000001 -0.000001 1 -0.000001 32054.dat
1 71 70.0014 -51.9963 -289.9933 -0.000001 -0.000001 1 0.000001 1 0.000001 -1 0.000001 -0.000001 32524.dat
1 71 190.0013 -51.9967 -249.9927 -1 0.000001 0.000001 -0.000001 -0.000001 -1 -0.000001 -1 0.000001 32526.dat
1 71 190.001 -51.997 -229.9924 1 0 0 0 1 0 0 0 1 55615.dat
1 15 190.5005 -31.9983 -289.9925 -1 0 0 0 1 0 0 0 -1 32009.dat
1 1 110.0014 -41.9963 -289.993 0 1 0 1 0 0 0 0 -1 43093.dat
1 1 190.0004 -41.9983 -129.9924 0 1 0 1 0 0 0 0 -1 43093.dat
1 71 -49.9986 -51.9969 -249.9941 1 -0.000001 -0.000001 -0.000001 -0.000001 -1 0.000001 1 -0.000001 32526.dat
1 71 -49.9988 -51.997 -229.9939 1 0 0 0 1 0 0 0 1 55615.dat
1 15 -50.4995 -31.9982 -289.9941 1 0 0 0 -1 0 0 0 -1 32009.dat
1 1 30.0015 -41.9963 -289.9934 0 1 0 1 0 0 0 0 -1 43093.dat
1 1 -49.9994 -41.9982 -129.9939 0 1 0 1 0 0 0 0 -1 43093.dat
1 71 -50.0003 -51.9997 -89.9943 1 -0.000001 0.000001 0.000001 1 0.000001 -0.000001 -0.000001 1 40490.dat
1 71 189.9997 -51.9997 -89.9929 1 -0.000001 0.000001 0.000001 1 0.000001 -0.000001 -0.000001 1 40490.dat
1 4 10.0014 -31.9963 -289.994 -0.000001 -0.000001 -1 -1 -0.000001 0.000001 -0.000001 1 -0.000001 32054.dat
1 4 -49.9992 -31.9977 -169.9944 -0.000001 -0.000001 -1 -1 -0.000001 0.000001 -0.000001 1 -0.000001 32054.dat
1 4 190.0008 -31.9977 -169.993 -0.000001 -0.000001 -1 -1 -0.000001 0.000001 -0.000001 1 -0.000001 32054.dat
1 4 -50.0002 -31.9999 -9.9936 -0.000001 -0.000001 -1 -1 -0.000019 0.000001 -0.000019 1 -0.000001 32054.dat
1 71 -50.0008 -52.0021 50.0051 -1 0 0 0 1 0.000034 0 0.000034 -1 55615.dat
1 15 -50.001 -52.0028 70.005 1 -0.000001 -0.000001 -0.000001 -0.000034 -1 0.000001 1 -0.000034 32526.dat
1 151 -49.9999 -32.0033 90.0057 1 -0.000001 0.000001 -0.000001 -1 0.000033 0.000001 -0.000033 -1 64871.dat
1 0 -49.9999 -41.999 -49.994 0 -1 0 1 0 -0.000015 0.000015 0 1 2780.dat
1 4 -50.002 -32.0083 230.0056 -0.000001 -0.000001 -1 -1 -0.000036 0.000001 -0.000036 1 -0.000001 32054.dat
1 15 69.998 -132.0061 170.004 0 0 -1 -0.000035 1 0 1 0.000035 0 95646.dat
1 0 189.999 -42.004 110.0072 0 0 1 -1 0.000034 0 -0.000034 -1 0 2780.dat
1 71 189.999 -52.002 50.007 1 0 0 0 -0.000033 -1 0 1 -0.000033 55615.dat
1 15 189.9992 -52.0027 70.007 -1 0.000001 0.000001 -0.000001 0.000033 -1 -0.000001 -1 -0.000033 32526.dat
1 151 190.0003 -32.0035 90.0077 -1 0.000001 -0.000001 0.000001 1 0.000034 0.000001 0.000034 -1 64871.dat
1 0 190.0001 -41.999 -49.9925 0 1 0 1 0 0.000017 0.000017 0 -1 2780.dat
1 1 149.9993 -132.0026 70.0034 -0.000007 -0.142374 -0.989813 -0.000029 0.989813 -0.142374 1 0.000029 -0.000004 6558.dat
1 71 149.9996 -132.0019 40.0029 0.000009 0.415574 -0.909559 0.000024 -0.909559 -0.415575 -1 -0.000022 -0.00001 75535.dat
1 1 149.9998 -132.0011 10.0021 -0.000011 -0.655078 -0.755562 -0.00001 0.755562 -0.655078 1 0.000012 -0.00001 6558.dat
1 71 69.9999 -132.0013 10.0022 -0.000001 -0.000001 1 -1 0.000017 -0.000001 -0.000017 -1 -0.000001 40490.dat
1 1 -9.9999 -132.0007 10.0016 -0.000013 -0.655071 -0.755567 -0.000012 0.755567 -0.655071 1 0.000013 -0.000011 6558.dat
1 71 9.9999 -131.9998 -69.9848 1 0 0 0 1 0 0 0 1 64179.dat
1 19 70.0003 -132.0002 -29.9852 1 0.000011 0.000006 -0.000012 -0.479393 0.877601 0.000007 -0.8776 -0.479393 32556.dat
1 4 10.0002 -131.9997 -129.9679 0.000001 -1 0.000001 0.000013 0.000001 1 -1 -0.000001 0.000013 32054.dat
1 71 -10.0003 -132.0017 40.002 0.000012 0.415562 -0.909565 0.000027 -0.909565 -0.415562 -1 -0.000019 -0.000023 75535.dat
1 1 -10.0006 -132.0026 70.0024 -0.00001 -0.142367 -0.989814 -0.000033 0.989814 -0.142367 1 0.000032 -0.000015 6558.dat
1 0 30 -132.0011 20.0016 0 0 1 0.000016 1 0 -1 0.000016 0 2780.dat
1 4 10.0001 -72.0012 30.0025 1 -0.000001 -0.000001 -0.000001 -0.000017 -1 0.000001 1 -0.000017 32140.dat
1 1 10.0001 -72.0011 20.0023 0 0 -1 -0.000016 1 0 1 0.000016 0 43093.dat
1 0 10 -132.001 20.0015 0 0 1 0.000016 1 0 -1 0.000016 0 2780.dat
1 0 110 -132.0013 20.0019 0 0 1 0.000016 1 0 -1 0.000016 0 2780.dat
1 4 130.0001 -72.0016 30.003 -1 0.000001 0.000001 -0.000001 0.000015 -1 -0.000001 -1 -0.000016 32140.dat
1 1 130 -72.0014 20.0031 0 0 -1 -0.000016 1 0 1 0.000016 0 43093.dat
1 0 130 -132.0014 20.002 0 0 1 0.000016 1 0 -1 0.000016 0 2780.dat
1 4 189.9981 -32.0082 230.0076 0.000001 0.000001 1 -1 0.000033 0.000001 -0.000033 -1 0.000001 32054.dat
1 4 189.9997 -31.9999 -9.9924 0.000003 -0.229006 -0.973425 -1 -0.000018 0.000005 -0.000017 0.973425 -0.229006 32054.dat
1 0 -50.001 -42.0041 110.0052 0 1 0 -1 0 -0.000035 -0.000035 0 1 2780.dat
1 0 190.0014 -131.9974 -239.9937 -0.000002 0.093439 -0.995625 0.000022 -0.995625 -0.093439 -1 -0.000023 -0.000002 2780.dat
1 1 -9.9989 -131.997 -229.9944 0.00001 -0.479425 0.877583 0.000026 0.877583 0.479425 -1 0.000018 0.000021 6558.dat
1 0 130.0011 -131.9973 -239.9939 -0.000002 -0.997448 -0.071397 -0.000028 0.071397 -0.997448 1 0.000002 -0.000027 2780.dat
1 71 70.0013 -131.9966 -249.994 0.000001 -0.00001 -1 -1 -0.000028 -0.000001 -0.000028 1 -0.00001 32524.dat
1 0 10.0012 -131.9969 -239.9946 -0.00001 0 -1 -0.00003 1 0 1 0.00003 -0.00001 2780.dat
1 0 110.0012 -131.9977 -219.9934 -0.000009 -0.246265 0.969203 -0.000034 -0.969203 -0.246265 1 -0.000033 -0.000009 2780.dat
1 0 110.0007 -131.9997 -159.9934 -0.000005 0.846925 -0.531713 -0.000025 0.531713 0.846925 1 0.000014 0.000022 2780.dat
1 0 -9.9996 -131.9996 -159.9941 -0.000012 0 -1 -0.000035 1 0 1 0.000035 -0.000012 2780.dat
1 0 30.0004 -131.9998 -159.9939 -0.000012 0 -1 -0.000035 1 0 1 0.000035 -0.000012 2780.dat
0 !LEOCAD GROUP END
0 !LEOCAD GROUP BEGIN Link 7 4 7
1 71 89.8828 -448.9001 -520.4804 -1 0.000233 -0.000196 0.000233 1 -0.00001 0.000196 -0.00001 -1 41239.dat
1 1 89.9063 -448.8953 -400.4803 0.000232 -0.000196 -1 1 -0.00001 0.000232 -0.00001 -1 0.000196 6558.dat
1 71 69.9018 -468.8907 -400.4761 0.000196 0.000233 -1 0.000011 1 0.000233 1 -0.000011 0.000196 32316.dat
1 1 109.9062 -448.9 -400.4842 0.000232 -0.000196 -1 1 -0.00001 0.000232 -0.00001 -1 0.000196 6558.dat
1 72 29.9103 -448.881 -380.4689 1 -0.000195 0.000232 -0.000233 -0.00001 1 -0.000195 -1 -0.00001 42003.dat
1 71 69.9142 -448.8896 -360.4768 1 0.000233 0.000196 -0.000233 1 0.00001 -0.000196 -0.00001 1 60485.dat
1 72 -10.0858 -448.8712 -360.4598 -0.000046 0.000234 1 -0.00001 1 -0.000234 -1 -0.00001 -0.000046 3648b.dat
1 72 109.9103 -448.8998 -380.4844 1 -0.000195 0.000232 -0.000233 -0.00001 1 -0.000195 -1 -0.00001 42003.dat
0 !LEOCAD GROUP BEGIN Joint 2 child 1 continuous 0 1 0 mimic 1.0 0.0
1 72 149.9145 -448.9084 -360.491 -0.000046 0.000234 1 -0.00001 1 -0.000234 -1 -0.00001 -0.000046 3648b.dat
0 !LEOCAD GROUP END
1 1 29.9064 -448.8813 -400.4685 0.000232 -0.000196 -1 1 -0.00001 0.000232 -0.00001 -1 0.000196 6558.dat
1 71 69.9109 -428.8907 -400.4772 0.000196 0.000233 -1 0.000011 1 0.000233 1 -0.000011 0.000196 32316.dat
1 1 49.9064 -448.886 -400.4724 0.000232 -0.000196 -1 1 -0.00001 0.000232 -0.00001 -1 0.000196 6558.dat
1 71 49.883 -448.8907 -520.4727 -1 0.000233 -0.000196 0.000233 1 -0.00001 0.000196 -0.00001 -1 41239.dat
1 1 49.8571 -458.8918 -640.4721 -0.000232 0.599844 0.800117 -1 -0.000148 -0.00018 0.00001 -0.800117 0.599845 43093.dat
1 15 1.8361 -468.8816 -736.4634 1 0.000232 0.000195 -0.000232 1 0.00001 -0.000195 0.000001 1 32348.dat
1 0 49.8856 -458.89 -520.4727 0.000015 0.00001 1 -1 -0.00001 0.000015 0.00001 -1 0.00001 2780.dat
1 1 69.8856 -468.8996 -520.4806 -0.00001 -0.000014 -1 0.000011 1 -0.000014 1 -0.000011 -0.00001 32523.dat
1 0 89.8854 -458.8993 -520.4805 0.000015 0.00001 1 -1 -0.00001 0.000015 0.00001 -1 0.00001 2780.dat
0 !LEOCAD GROUP END
0 !LEOCAD GROUP BEGIN Link 4 2 6
1 71 9.9101 -448.9649 -360.4669 -0.000238 -1 -0.000106 -1 0.000238 -0.000033 0.000033 0.000106 -1 64290.dat
1 0 19.9257 -448.9641 -260.4675 -1 0.00024 -0.000055 0.00024 1 -0.000031 0.000055 -0.000031 -1 2780.dat
1 0 29.9302 -448.9681 -300.4677 0.000244 -1 0.000015 1 0.000244 0.000041 -0.000041 0.000015 1 60484.dat
1 1 29.9322 -428.9666 -260.4702 -1 -0.000235 -0.000116 0.000247 -0.700755 -0.713402 0.000086 -0.713402 0.700755 6558.dat
1 1 29.9224 -468.9666 -260.4681 -1 0.000201 0.000164 0.000246 0.54032 0.841459 0.00008 0.841459 -0.540321 6558.dat
1 0 19.9041 -448.9655 -300.4687 -1 0.000237 -0.000056 0.000237 1 -0.000148 0.000056 -0.000148 -1 2780.dat
1 71 129.9151 -448.9927 -360.4873 -0.00024 -1 -0.00025 -1 0.00024 -0.00002 0.00002 0.00025 -1 64290.dat
1 0 119.9281 -448.9886 -260.4836 -1 0.000238 -0.000288 0.000238 1 0 0.000288 0 -1 2780.dat
1 0 109.9032 -448.9863 -300.482 0.000246 -1 0.000331 1 0.000246 0 0 0.000331 1 60484.dat
1 1 109.925 -428.9863 -260.4813 1 0.000337 -0.000076 -0.000246 0.5403 -0.841473 -0.000243 0.841473 0.5403 6558.dat
1 1 109.9151 -468.9863 -260.4803 1 0.000342 -0.000072 -0.000246 0.540299 -0.841473 -0.000249 0.841473 0.5403 6558.dat
1 0 119.9485 -448.9888 -300.4841 -1 0.000251 -0.000279 0.000251 1 0.000373 0.000279 0.000373 -1 2780.dat
0 !LEOCAD GROUP END
0 !LEOCAD GROUP BEGIN Link 7 4 7
1 15 137.8361 -468.9135 -736.4893 -1 -0.000232 0.000197 0.000232 -1 0.000011 0.000197 0.000001 1 32348.dat
1 1 89.8569 -458.9012 -640.4799 -0.000232 -0.600158 0.799882 -1 0.000131 -0.000192 0.00001 -0.799882 -0.600158 43093.dat
0 !LEOCAD GROUP END
0 !LEOCAD GROUP BEGIN Link 4 2 6
0 !LEOCAD GROUP BEGIN Joint 2 parent 0 continuous 0 -1 0
0 !LEOCAD GROUP BEGIN Joint 2 parent 0
1 4 69.9359 -450.0942 -270.5 1 -0.000761 0.000203 0.00076 1 0.000065 -0.000203 -0.000066 1.000001 99543.dat
0 !LEOCAD GROUP END
0 !LEOCAD GROUP END
1 71 69.9252 -449.0938 -269.4998 1 0.000247 0.00017 -0.000247 1 0.00002 -0.00017 -0.00002 1 99535c01.dat
0 !LEOCAD GROUP BEGIN Joint 2 parent 0 continuous 0 -1 0
1 71 69.9233 -448.9702 -280.4748 -0.000196 -0.000761 1 -0.000066 1 0.00076 -1 -0.000066 -0.000196 4519.dat
1 0 69.9195 -448.9691 -300.4748 0.000762 1 0.000196 -0.999999 0.000761 0.000316 0.000316 -0.000197 1 32270.dat
0 !LEOCAD GROUP END
1 2 69.9215 -448.971 -280.475 0.000001 0.000129 -1 -1 0.000037 -0.000001 0.000037 1 0.000129 32523.dat
1 0 89.9222 -448.9715 -270.4778 0.000127 0.00025 -1 0.000021 1 0.00025 1 -0.000022 0.000127 2780.dat
1 0 49.9223 -448.9714 -270.472 0.000127 0.000249 -1 0.000023 1 0.000249 1 -0.000023 0.000127 2780.dat
0 !LEOCAD GROUP END
0 !LEOCAD GROUP BEGIN Link 6 4 6
1 7 70 -448 -321 1 0 0 0 1 0 0 0 1 60485.dat
1 7 150 -448 -321 0 0 -1 0 1 0 1 0 0 3647.dat
1 7 -10 -448 -321 0 0 -1 0 1 0 1 0 0 3647.dat
1 7 30 -448 -321 0 0 -1 0 1 0 1 0 0 3713.dat
1 7 45 -448 -321 0 0 -1 0 1 0 1 0 0 32123a.dat
0 !LEOCAD GROUP BEGIN Joint 2 child 0 continuous 0 1 0 mimic 1.0 0.0
1 18 53 -448 -321 0 0 1 0 1 0 -1 0 0 6589.dat
0 !LEOCAD GROUP END
0 !LEOCAD GROUP END
0 !LEOCAD GROUP BEGIN Link 2 0 4
0 !LEOCAD GROUP BEGIN Joint 1 parent 0 continuous 1 0 0
1 8 150 -350 -18 0 0 1 0 1 0 -1 0 0 3647.dat
1 8 -10 -350 -18 0 0 1 0 1 0 -1 0 0 3647.dat
0 !LEOCAD GROUP BEGIN Joint 1 parent 0
1 4 70 -350 -18 1 0 0 0 1 0 0 0 1 54725c01.dat
0 !LEOCAD GROUP END
1 0 70 -350 -18 1 0 0 0 1 0 0 0 1 60485.dat
0 !LEOCAD GROUP END
0 !LEOCAD GROUP END
0 !LEOCAD GROUP BEGIN Link 0 0 2
0 !LEOCAD GROUP BEGIN Joint 0 parent 0 continuous 1 0 0
0 !LEOCAD GROUP BEGIN Joint 0 parent 0
1 4 130 -72 -190 0 -1 0 1 0 0 0 0 1 54725c01.dat
0 !LEOCAD GROUP END
1 0 130 -112 -190 0 -1 0 0 0 -1 1 0 0 32270.dat
1 8 130 -32 -190 1 0 0 0 0 1 0 -1 0 3713.dat
1 0 130 -82 -190 0 1 0 -1 0 0 0 0 1 3706.dat
0 !LEOCAD GROUP END
0 !LEOCAD GROUP END
